
 Independent model KD_BiLSTM  
 [0.5, 0.5, 0.7370293736457825, 0.7370293736457825, 0.802223801612854, 0.5308204293251038]
 confusion_matrix KD_BIlstm: Student 
 [[2566  807]
 [ 967 2406]]
 KD_BiLSTM fold: 
1[0.5, 0.5, 0.7162963151931763, 0.7162963151931763, 0.7838244438171387, 0.3005223572254181]
 Fold Confusion_matric: 
 [[525 142]
 [241 442]]
 KD_BiLSTM fold: 
2[0.5, 0.5, 0.7309117913246155, 0.7309117913246155, 0.8008785247802734, 0.5586327910423279]
 Fold Confusion_matric: 
 [[477 206]
 [157 509]]
 KD_BiLSTM fold: 
3[0.5, 0.5, 0.7353595495223999, 0.7353595495223999, 0.7861574292182922, 0.8069238662719727]
 Fold Confusion_matric: 
 [[499 190]
 [167 493]]
 KD_BiLSTM fold: 
4[0.5, 0.5, 0.739065945148468, 0.739065945148468, 0.7954927682876587, 0.4060598313808441]
 Fold Confusion_matric: 
 [[496 153]
 [199 501]]
 KD_BiLSTM fold: 
5[0.5, 0.5, 0.7279466390609741, 0.7279466390609741, 0.788063645362854, 0.5550743937492371]
 Fold Confusion_matric: 
 [[527 158]
 [209 455]]
 KD_BiLSTM fold: 
1[0.5, 0.5, 0.7407407164573669, 0.7407407164573669, 0.807647705078125, 0.4633074998855591]
 Fold Confusion_matric: 
 [[485 188]
 [162 515]]
 KD_BiLSTM fold: 
2[0.5, 0.5, 0.7487027645111084, 0.7487027645111084, 0.8013010621070862, 0.6986579895019531]
 Fold Confusion_matric: 
 [[516 144]
 [195 494]]
 KD_BiLSTM fold: 
3[0.5, 0.5, 0.7197924256324768, 0.7197924256324768, 0.7949398756027222, 0.5154544711112976]
 Fold Confusion_matric: 
 [[511 187]
 [191 460]]
 KD_BiLSTM fold: 
4[0.5, 0.5, 0.7153447270393372, 0.7153447270393372, 0.7762376070022583, 0.7314060926437378]
 Fold Confusion_matric: 
 [[496 174]
 [210 469]]
 KD_BiLSTM fold: 
5[0.5, 0.5, 0.7309117913246155, 0.7309117913246155, 0.7930452823638916, 0.39890599250793457]
 Fold Confusion_matric: 
 [[490 182]
 [181 496]]